011101110110010101101100011000110110110111011101100101011011000110001101101111011011010110010111011011010110010101110111011001010110110001100011011011110110110101100101
011101110110010101101100011000110110111101101101011001010111011101100101011011000110001101101101110111011001010110110001100011011011110110110101100101110110110101100101
011101110110010101101100011000110110111101101101011001010111011101100101011011000110001101101111011011010110010101110111011001010110110001100011011011110110110101100101
011101110110010101101100011000110110111101101101011001010111011101100101011011000110001101101111011011010110010101110111011001010110110001100011011011110110110101100101
0111011101100101011011000110001101101111011011010110010110010011101110   0101011011000110001101101     11101101101011001010111011101100101011011000110001101101111011011
011101110110010101101100011000110110111101101101011011001101001110110   1011011000110001101101   11101    1011     010110     001011010111011101100101011011000110001101
01110111011001010       01100011000   01101111     111          0101   10111011101       1001   01011    01100   01  10  00   1101111         10111101101101011001011001
0111011101100101011     0110001100     0110110   01101   1011101110   11001010110  110001100   011011   011110   1101  1010   110110   101011010110010101110111011001010
01110111011001010110    1000110   00   11011   111110      1101001   11101100101  011011000   110001   1011011   1101101101   01110       010111001010111011101100101011
011101110110010101101   1001   10001   1011  0111110   0111011101   10010101101  100011000   110110   11110110   1101011001   0111   01011001010111011101100101011011000
0111011101100101011011        110001       101101111         1001          1101       1101100      10101101100   0110001101   1011         11011011010110010111010110010
011101110110010101101100011000110110111101100111011101100101011011000110001101101111011011010110010111010110010101110111011001010110110001100011011011110110110101100101
011101110110010101101100011000110111011101100101011011000110001101101111011011010110010101101111011011010110010101110111011001010110110001100011011011110110110101100101
011101110110010101101100011000110110110111011101100101011011000110001101101111011011010110010111011011010110010101110111011001010110110001100011011011110110110101100101
011101110110010101101100011101110110010101101100011000110110111101101101011001010110001101101111011011010011101110110010101101100011000110110111101101101011001011100101
011101110110010111011101100101011011000110001101101111011011010110010101011011000110001100111011101100101011011000110001101101111011011010110010111011110110110101100101
011101110110011101110110010101110111011001010110110001100011011011110110110101100101011011000110001101101111011011010110010101010110110001100011011011110110110101100101
010111011101100101011011000110001101101111011011010110010101110111011001010110110001100011011011110110110101100101011101110110010101101100011000110110111101101101011001
011101110110010101101100011011101110110010101101100011000110110111011101100101011011000110001101101111011011010110010101111011011010110010100011011011110110110101100101
011101110110010101101100011000110011101110110010101101100011000110110111101101101011001011101111011101110110010101101100011000110110111101101101011001010110110101100101
